Address:   80.76.201.37         01010000.01001100.11001001.001 00101
Netmask:   255.255.255.224 = 27 11111111.11111111.11111111.111 00000
Wildcard:  0.0.0.31             00000000.00000000.00000000.000 11111
=>
Network:   80.76.201.32/27      01010000.01001100.11001001.001 00000
HostMin:   80.76.201.33         01010000.01001100.11001001.001 00001
HostMax:   80.76.201.62         01010000.01001100.11001001.001 11110
Broadcast: 80.76.201.63         01010000.01001100.11001001.001 11111
Hosts/Net: 30                    Class A